 Job # P Area    P Cost F Length    F Cost      Tax    Preferred? Total Cost
  7100   6.00    111.00    12.00    432.00    63.53          1        552.23
  7101   9.60    185.00     0.00      0.00    24.05          0        209.05
  7102   2.36     55.50     0.00      0.00     6.49          1         56.44
  7103   0.00      0.00   116.00   3136.00   407.68          0       3543.68
  7104   0.00      0.00    31.42    952.00   111.38          1        968.18
  7105  70.16   1313.50     0.00      0.00   170.76          0       1484.26
  7106  72.30   1350.50    99.40   2720.00   529.16          0       4599.67
  7107 197.04   3663.00     0.00      0.00   428.57          1       3725.27
  7108  80.64   1498.50     0.00      0.00   194.81          0       1693.31
  7109  89.92   1665.00    16.81    562.00   289.51          0       2516.51
  7110   8.39    166.50     0.00      0.00    19.48          1        169.33
  7111   3.90     74.00     9.00    354.00    55.64          0        483.64
  7112   0.00      0.00    83.40   2304.00   299.52          0       2603.52
